0 -38155.1 -23400.3
0.001 -38044.4 -23293.3
0.003 -37921.2 -23176.2
0.006 -37782.6 -23046.1
0.01 -37627.5 -22901.9
0.015 -37455.5 -22743.3
0.021 -37267.3 -22570.7
0.028 -37062.5 -22384
0.036 -36836 -22177.7
0.045 -36583.6 -21947.9
0.055 -36313.4 -21702.4
0.066 -36030.4 -21446.3
0.078 -35735.8 -21180.7
0.091 -35430 -20905.9
0.105 -35113.8 -20622.6
0.12 -34788.1 -20331.7
0.136 -34453.7 -20034.1
0.153 -34111.7 -19730.5
0.171 -33762.9 -19422
0.19 -33408.3 -19109.2
0.21 -33048.9 -18793.2
0.231 -32685.4 -18474.6
0.253 -32318.6 -18154.2
0.276 -31949.4 -17832.7
0.3 -31578.4 -17510.7
0.325 -31206.4 -17188.9
0.351 -30834 -16867.8
0.378 -30461.7 -16548
0.406 -30090.3 -16230
0.435 -29720.2 -15914.3
0.465 -29351.8 -15601.4
0.496 -28985.8 -15291.5
0.528 -28622.4 -14985
0.561 -28262 -14682.3
0.595 -27904.9 -14383.6
0.63 -27551.5 -14089.1
0.666 -27201.9 -13799.1
0.703 -26856.4 -13513.6
0.741 -26515.1 -13232.8
0.78 -26178.3 -12956.9
0.82 -25846.1 -12686
0.861 -25518.6 -12420.1
0.903 -25195.8 -12159.2
0.946 -24878 -11903.5
0.99 -24565 -11653
1.035 -24257.1 -11407.5
1.081 -23954.1 -11167.2
1.128 -23656 -10932
1.176 -23362.9 -10701.7
1.225 -23074.6 -10476.4
1.275 -22790.9 -10255.7
1.326 -22511.9 -10039.6
1.378 -22237.3 -9827.93
1.431 -21967 -9620.58
1.485 -21701.1 -9417.52
1.54 -21439.7 -9218.76
1.596 -21182.6 -9024.33
1.653 -20930.1 -8834.24
1.711 -20682 -8648.46
1.77 -20438.3 -8466.96
1.83 -20199 -8289.67
1.891 -19964.1 -8116.53
1.953 -19733.5 -7947.45
2.016 -19507 -7782.34
2.08 -19284.7 -7621.12
2.145 -19066.4 -7463.7
2.211 -18852.1 -7310
2.278 -18641.7 -7159.92
2.346 -18435.1 -7013.38
2.415 -18232.2 -6870.3
2.485 -18033.1 -6730.6
2.556 -17837.5 -6594.19
2.628 -17645.4 -6461
2.701 -17456.8 -6330.95
2.775 -17271.6 -6203.96
2.85 -17089.7 -6079.96
2.926 -16911 -5958.86
3.003 -16735.5 -5840.62
3.081 -16563.1 -5725.14
3.16 -16393.8 -5612.36
3.24 -16227.4 -5502.21
3.321 -16064 -5394.64
3.403 -15903.4 -5289.56
3.486 -15745.6 -5186.93
3.57 -15590.6 -5086.67
3.655 -15438.2 -4988.73
3.741 -15288.4 -4893.04
3.828 -15141.2 -4799.56
3.916 -14996.5 -4708.23
4.005 -14854.2 -4618.98
4.095 -14714.4 -4531.78
4.186 -14576.9 -4446.55
4.278 -14441.7 -4363.27
4.371 -14308.7 -4281.87
4.465 -14177.9 -4202.3
4.56 -14049.3 -4124.53
4.656 -13922.8 -4048.51
4.753 -13798.4 -3974.18
4.851 -13676 -3901.52
4.95 -13555.5 -3830.47
5.05 -13437 -3760.99
5.151 -13320.4 -3693.05
5.253 -13205.6 -3626.61
5.356 -13092.7 -3561.63
5.46 -12981.5 -3498.06
5.565 -12872 -3435.89
5.671 -12764.3 -3375.06
5.778 -12658.2 -3315.56
5.886 -12553.7 -3257.34
5.995 -12450.9 -3200.36
6.105 -12349.6 -3144.62
6.216 -12249.6 -3090.06
6.328 -12151.4 -3036.66
6.441 -12054.6 -2984.39
6.555 -11959.2 -2933.23
6.67 -11865.3 -2883.15
6.786 -11772.7 -2834.12
6.903 -11681.5 -2786.11
7.021 -11591.6 -2739.1
7.14 -11503 -2693.07
7.26 -11415.5 -2647.99
7.381 -11329.4 -2603.84
7.503 -11244.6 -2560.6
7.626 -11160.9 -2518.23
7.75 -11078.5 -2476.74
7.875 -10997.2 -2436.08
8.001 -10917 -2396.25
8.128 -10837.7 -2357.22
8.256 -10759.5 -2318.97
8.385 -10682.4 -2281.49
8.515 -10606.3 -2244.75
8.646 -10530.6 -2208.74
8.778 -10456.6 -2173.45
8.911 -10383.7 -2138.85
9.045 -10311.8 -2104.94
9.18 -10240.1 -2071.68
9.316 -10170.1 -2039.07
9.453 -10101 -2007.1
9.591 -10032.8 -1975.75
9.73 -9964.89 -1945
9.87 -9897.85 -1914.83
10.011 -9831.26 -1885.25
10.153 -9766.31 -1856.23
10.296 -9701.98 -1827.77
10.44 -9638.86 -1799.84
10.585 -9576.32 -1772.44
10.731 -9514.36 -1745.56
10.878 -9452.77 -1719.17
11.026 -9391.93 -1693.28
11.175 -9332.43 -1667.87
11.325 -9272.65 -1642.93
11.476 -9213.19 -1618.45
11.628 -9155.24 -1594.42
11.781 -9097.17 -1570.82
11.935 -9040.39 -1547.67
12.09 -8983.68 -1524.93
12.246 -8926.63 -1502.59
12.403 -8871.43 -1480.67
12.561 -8816.26 -1459.14
12.72 -8761.13 -1437.99
12.88 -8707.43 -1417.23
13.041 -8652.33 -1396.82
13.203 -8595.24 -1376.76
13.366 -8541.96 -1357.07
13.53 -8489.87 -1337.74
13.695 -8437.35 -1318.74
13.861 -8385.4 -1300.07
14.028 -8333.21 -1281.73
14.196 -8278.78 -1263.68
14.365 -8226.11 -1245.96
14.535 -8173.58 -1228.54
14.706 -8120.4 -1211.41
14.878 -8068.36 -1194.58
15.051 -8015.84 -1178.04
15.225 -7963.65 -1161.77
15.4 -7912.57 -1145.79
15.576 -7861 -1130.07
15.753 -7809.54 -1114.61
15.931 -7759.76 -1099.43
16.11 -7707.08 -1084.47
16.29 -7656.09 -1069.78
16.471 -7606.77 -1055.33
16.653 -7554.53 -1041.11
16.836 -7504.36 -1027.13
17.02 -7449.46 -1013.35
17.205 -7400.04 -999.828
17.391 -7349.26 -986.518
17.578 -7299.74 -973.431
17.766 -7251.25 -960.561
17.955 -7199.8 -947.879
18.145 -7149.8 -935.409
18.336 -7098.63 -923.131
18.528 -7046.09 -911.038
18.721 -6997.18 -899.161
18.915 -6947.09 -887.464
19.11 -6898 -875.959
19.306 -6850.12 -864.641
19.503 -6802.83 -853.504
19.701 -6753.54 -842.528
19.9 -6708.04 -831.747
20.1 -6661.91 -821.13
20.301 -6615.56 -810.674
20.503 -6568.17 -800.373
20.706 -6520.76 -790.229
20.91 -6472.33 -780.234
21.115 -6427.66 -770.416
21.321 -6379.74 -760.726
21.528 -6335.57 -751.207
21.736 -6290.15 -741.824
21.945 -6244.48 -732.58
22.155 -6193.16 -723.437
22.366 -6146.6 -714.464
22.578 -6098.18 -705.611
22.791 -6052.69 -696.91
23.005 -6008.33 -688.345
23.22 -5962.9 -679.9
23.436 -5916.8 -671.574
23.653 -5871.61 -663.377
23.871 -5829.54 -655.321
24.09 -5782.98 -647.352
24.31 -5738.52 -639.514
24.531 -5695.37 -631.797
24.753 -5653.52 -624.201
24.976 -5613.75 -616.728
25.2 -5572.06 -609.35
25.425 -5529.05 -602.068
25.651 -5486.93 -594.896
25.878 -5444.89 -587.827
26.106 -5401.34 -580.848
26.335 -5362.85 -574.002
26.565 -5322.23 -567.238
26.796 -5282.27 -560.573
27.028 -5241.58 -553.997
27.261 -5202.14 -547.521
27.495 -5161.76 -541.13
27.73 -5122.43 -534.834
27.966 -5086.34 -528.646
28.203 -5047.49 -522.526
28.441 -5008.68 -516.49
28.68 -4971.31 -510.547
28.92 -4934.78 -504.69
29.161 -4897.47 -498.909
29.403 -4861.59 -493.215
29.646 -4829.53 -487.624
29.89 -4791.08 -482.066
30.135 -4754.86 -476.598
30.381 -4718.46 -471.202
30.628 -4680.47 -465.868
30.876 -4646.9 -460.635
31.125 -4613.33 -455.472
31.375 -4580.17 -450.379
31.626 -4542.81 -445.327
31.878 -4507.85 -440.357
32.131 -4471.71 -435.444
32.385 -4438.16 -430.614
32.64 -4407.6 -425.867
32.896 -4374.62 -421.166
33.153 -4344.42 -416.544
33.411 -4313.21 -411.975
33.67 -4278.98 -407.446
33.93 -4246.14 -402.985
34.191 -4215.48 -398.595
34.453 -4185.98 -394.27
34.716 -4157.65 -390.007
34.98 -4126.09 -385.778
35.245 -4093.9 -381.598
35.511 -4063.28 -377.482
35.778 -4033.03 -373.42
36.046 -4003.14 -369.413
36.315 -3969.62 -365.431
36.585 -3936.07 -361.499
36.856 -3907.89 -357.653
37.128 -3879.86 -353.856
37.401 -3850.18 -350.095
37.675 -3821.26 -346.385
37.95 -3793.28 -342.729
38.226 -3762.07 -339.095
38.503 -3731.6 -335.512
38.781 -3706.88 -332.011
39.06 -3680.1 -328.539
39.34 -3652.25 -325.103
39.621 -3628.54 -321.736
39.903 -3600.37 -318.38
40.186 -3575.32 -315.085
40.47 -3550.81 -311.835
40.755 -3523.43 -308.604
41.041 -3495.98 -305.411
41.328 -3471.86 -302.28
41.616 -3446.67 -299.178
41.905 -3422.8 -296.123
42.195 -3399.85 -293.11
42.486 -3374.42 -290.116
42.778 -3350.31 -287.166
43.071 -3325.31 -284.245
43.365 -3301.84 -281.369
43.66 -3277.68 -278.523
43.956 -3255.24 -275.721
44.253 -3231.71 -272.944
44.551 -3207.49 -270.196
44.85 -3183.39 -267.48
45.15 -3160.2 -264.802
45.451 -3135.72 -262.146
45.753 -3113.15 -259.534
46.056 -3089.68 -256.946
46.36 -3068.92 -254.406
46.665 -3047.86 -251.892
46.971 -3026.3 -249.405
47.278 -3003.84 -246.939
47.586 -2985.27 -244.528
47.895 -2963.6 -242.123
48.205 -2942.23 -239.748
48.516 -2920.35 -237.396
48.828 -2902.97 -235.1
49.141 -2883.27 -232.815
49.455 -2861.47 -230.542
49.77 -2840.16 -228.297
50.086 -2819.34 -226.081
50.403 -2799.42 -223.895
50.721 -2779.18 -221.731
51.04 -2758.03 -219.586
51.36 -2736.78 -217.463
51.681 -2718.01 -215.38
52.003 -2701.92 -213.339
52.326 -2683.11 -211.301
52.65 -2664.78 -209.289
52.975 -2647.33 -207.305
53.301 -2629.36 -205.339
53.628 -2611.86 -203.398
53.956 -2592.64 -201.466
54.285 -2574.5 -199.562
54.615 -2556.84 -197.682
54.946 -2539.45 -195.824
55.278 -2520.74 -193.977
55.611 -2500.31 -192.139
55.945 -2482.76 -190.34
56.28 -2463.28 -188.547
56.616 -2443.88 -186.773
56.953 -2426.75 -185.034
57.291 -2410.5 -183.319
57.63 -2394.71 -181.625
57.97 -2378.78 -179.948
58.311 -2362.52 -178.287
58.653 -2347.33 -176.65
58.996 -2330.81 -175.022
59.34 -2314.15 -173.409
59.685 -2300.95 -171.837
60.031 -2285.61 -170.267
60.378 -2268.14 -168.698
60.726 -2250.93 -167.148
61.075 -2236.79 -165.634
61.425 -2222.1 -164.133
61.776 -2208.07 -162.651
62.128 -2194.1 -161.185
62.481 -2180.58 -159.737
62.835 -2165.32 -158.292
63.19 -2152.72 -156.879
63.546 -2138.77 -155.472
63.903 -2124.28 -154.075
64.261 -2110.24 -152.696
64.62 -2096.65 -151.334
64.98 -2084.72 -149.997
65.341 -2073.03 -148.674
65.703 -2060.2 -147.357
66.066 -2046.01 -146.045
66.43 -2033.08 -144.754
66.795 -2021.79 -143.487
67.161 -2008.75 -142.22
67.528 -1994.57 -140.959
67.896 -1982.43 -139.724
68.265 -1969.14 -138.494
68.635 -1956.9 -137.282
69.006 -1944.9 -136.084
69.378 -1930.36 -134.881
69.751 -1917.06 -133.699
70.125 -1903.61 -132.526
70.5 -1892.61 -131.382
70.876 -1881.25 -130.247
71.253 -1869.14 -129.117
71.631 -1856.67 -127.996
72.01 -1844.84 -126.89
72.39 -1832.66 -125.793
72.771 -1820.92 -124.709
73.153 -1808.22 -123.63
73.536 -1797.56 -122.574
73.92 -1787.15 -121.53
74.305 -1776.37 -120.494
74.691 -1761.64 -119.441
75.078 -1750.75 -118.424
75.466 -1738.91 -117.41
75.855 -1726.5 -116.402
76.245 -1716.93 -115.423
76.636 -1707.4 -114.453
77.028 -1696.31 -113.483
77.421 -1685.25 -112.521
77.815 -1673.84 -111.566
78.21 -1664.86 -110.636
78.606 -1653.51 -109.7
79.003 -1641.8 -108.769
79.401 -1631.93 -107.86
79.8 -1622.9 -106.965
80.2 -1612.7 -106.07
80.601 -1602.33 -105.183
81.003 -1591.6 -104.301
81.406 -1581.1 -103.429
81.81 -1571.44 -102.571
82.215 -1561.61 -101.719
82.621 -1553.81 -100.889
83.028 -1542.84 -100.045
83.436 -1531.11 -99.2043
83.845 -1520.82 -98.3807
84.255 -1511.76 -97.5729
84.666 -1503.53 -96.778
85.078 -1493.53 -95.9784
85.491 -1485.55 -95.1997
85.905 -1477.01 -94.4243
86.32 -1467.1 -93.6467
86.736 -1458.42 -92.8844
87.153 -1450.76 -92.1358
87.571 -1442.54 -91.3901
87.99 -1431.34 -90.6312
88.41 -1421.97 -89.8915
88.831 -1412.84 -89.1599
89.253 -1404.93 -88.4431
89.676 -1395.25 -87.7209
90.1 -1388 -87.0213
90.525 -1381.18 -86.3308
90.951 -1372.37 -85.6332
91.378 -1362.6 -84.9353
91.806 -1353.66 -84.2491
92.235 -1347.34 -83.5866
92.665 -1338.04 -82.9099
93.096 -1329.98 -82.2474
93.528 -1322.74 -81.5963
93.961 -1314.12 -80.9417
94.395 -1303.93 -80.2822
94.83 -1296.57 -79.6475
95.266 -1289.03 -79.0172
95.703 -1280.91 -78.3885
96.141 -1272.22 -77.7614
96.58 -1265.36 -77.1519
97.02 -1259.51 -76.5546
97.461 -1250.49 -75.9411
97.903 -1242.29 -75.3385
98.346 -1235.12 -74.748
98.79 -1227.57 -74.16
99.235 -1221.05 -73.5839
99.681 -1214.54 -73.0129
100.128 -1208.85 -72.4522
100.576 -1201.58 -71.8858
101.025 -1194.54 -71.3256
101.475 -1188.71 -70.7783
101.926 -1181.11 -70.2238
102.378 -1174.72 -69.6821
102.831 -1166.56 -69.1332
103.285 -1158.42 -68.589
103.74 -1152.3 -68.0631
104.196 -1145.8 -67.539
104.653 -1139.72 -67.0221
105.111 -1134.26 -66.5136
105.57 -1127.42 -66.0002
106.03 -1121.59 -65.4979
106.491 -1116.18 -65.0026
106.953 -1109.99 -64.5061
107.416 -1103.82 -64.0139
107.88 -1097.67 -63.5259
108.345 -1089.93 -63.0313
108.811 -1084.22 -62.5545
109.278 -1078.12 -62.0789
109.746 -1072.24 -61.6088
110.215 -1065.78 -61.1387
110.685 -1056.94 -60.6565
111.156 -1052.71 -60.2093
111.628 -1046.91 -59.755
112.101 -1039.92 -59.2966
112.575 -1032.75 -58.8407
113.05 -1028.6 -58.4088
113.526 -1020.86 -57.9564
114.003 -1015.94 -57.5266
114.481 -1010.64 -57.0977
114.96 -1003.95 -56.6629
115.44 -999.077 -56.2439
115.921 -994.819 -55.8324
116.403 -989.576 -55.4176
116.886 -984.546 -55.0075
117.37 -978.534 -54.5942
117.855 -973.336 -54.1896
118.341 -969.551 -53.7978
118.828 -965.578 -53.4078
119.316 -961.018 -53.0169
119.805 -955.073 -52.62
120.295 -947.146 -52.2129
120.786 -941.836 -51.8266
121.278 -937.939 -51.4529
121.771 -932.856 -51.0742
122.265 -928.187 -50.7013
122.76 -922.731 -50.326
123.256 -916.89 -49.9512
123.753 -911.864 -49.5847
124.251 -907.65 -49.2266
124.75 -903.648 -48.8727
