0 -37271.5 -22628.2
0.001 -37191.7 -22550.5
0.003 -37100 -22462.3
0.006 -36997.2 -22364.3
0.01 -36883 -22256.3
0.015 -36757.5 -22138.3
0.021 -36621.2 -22010.9
0.028 -36474.5 -21874.4
0.036 -36317.8 -21729.3
0.045 -36151.9 -21576.2
0.055 -35977.2 -21415.7
0.066 -35794.3 -21248.2
0.078 -35603.8 -21074.3
0.091 -35406.1 -20894.5
0.105 -35201.8 -20709.3
0.12 -34991.2 -20519
0.136 -34774.9 -20324.1
0.153 -34553.1 -20124.8
0.171 -34326.3 -19921.7
0.19 -34094.9 -19715
0.21 -33859.2 -19505
0.231 -33619.7 -19292.3
0.253 -33376.7 -19077
0.276 -33130.7 -18859.7
0.3 -32882 -18640.7
0.325 -32631 -18420.2
0.351 -32377.9 -18198.5
0.378 -32123.2 -17976
0.406 -31867.1 -17752.9
0.435 -31609.9 -17529.5
0.465 -31351.9 -17306
0.496 -31093.3 -17082.5
0.528 -30834.4 -16859.5
0.561 -30575.4 -16637
0.595 -30316.5 -16415.3
0.63 -30058 -16194.5
0.666 -29800.1 -15974.9
0.703 -29542.9 -15756.5
0.741 -29286.6 -15539.5
0.78 -29031.4 -15324.1
0.82 -28777.4 -15110.3
0.861 -28524.8 -14898.4
0.903 -28273.6 -14688.2
0.946 -28024 -14480.1
0.99 -27776 -14273.8
1.035 -27529.6 -14069.5
1.081 -27284.8 -13867.1
1.128 -27041.4 -13666.4
1.176 -26799.5 -13467.5
1.225 -26559.1 -13270.3
1.275 -26320.3 -13074.9
1.326 -26083.5 -12881.7
1.378 -25848.6 -12690.7
1.431 -25616 -12502.1
1.485 -25385.8 -12316
1.54 -25157.9 -12132.4
1.596 -24932.4 -11951.3
1.653 -24709.4 -11772.8
1.711 -24488.8 -11596.8
1.77 -24270.7 -11423.3
1.83 -24054.9 -11252.2
1.891 -23841.5 -11083.6
1.953 -23630.5 -10917.4
2.016 -23421.8 -10753.6
2.08 -23215.5 -10592.2
2.145 -23011.6 -10433.1
2.211 -22810 -10276.3
2.278 -22610.7 -10121.9
2.346 -22413.8 -9969.8
2.415 -22219.2 -9820
2.485 -22026.9 -9672.5
2.556 -21837 -9527.28
2.628 -21649.5 -9384.34
2.701 -21464.3 -9243.67
2.775 -21281.3 -9105.24
2.85 -21100.7 -8969.04
2.926 -20922.4 -8835.05
3.003 -20746.4 -8703.25
3.081 -20572.7 -8573.61
3.16 -20401.2 -8446.11
3.24 -20231.9 -8320.73
3.321 -20064.8 -8197.43
3.403 -19899.9 -8076.2
3.486 -19737.2 -7957
3.57 -19576.6 -7839.81
3.655 -19418.2 -7724.59
3.741 -19261.8 -7611.32
3.828 -19107.4 -7499.97
3.916 -18955.1 -7390.5
4.005 -18804.8 -7282.9
4.095 -18656.5 -7177.12
4.186 -18510.2 -7073.13
4.278 -18365.7 -6970.92
4.371 -18223.2 -6870.44
4.465 -18082.6 -6771.66
4.56 -17943.7 -6674.56
4.656 -17806.7 -6579.11
4.753 -17671.5 -6485.27
4.851 -17538 -6393.02
4.95 -17406.3 -6302.33
5.05 -17276.3 -6213.16
5.151 -17147.9 -6125.51
5.253 -17021.2 -6039.32
5.356 -16896.2 -5954.59
5.46 -16772.7 -5871.28
5.565 -16650.8 -5789.37
5.671 -16530.5 -5708.83
5.778 -16411.7 -5629.64
5.886 -16294.4 -5551.77
5.995 -16178.6 -5475.2
6.105 -16064.2 -5399.91
6.216 -15951.3 -5325.87
6.328 -15839.9 -5253.07
6.441 -15729.8 -5181.47
6.555 -15621 -5111.06
6.67 -15513.7 -5041.82
6.786 -15407.6 -4973.72
6.903 -15302.9 -4906.74
7.021 -15199.5 -4840.87
7.14 -15097.3 -4776.08
7.26 -14996.4 -4712.35
7.381 -14896.7 -4649.67
7.503 -14798.3 -4588.01
7.626 -14701 -4527.35
7.75 -14604.9 -4467.68
7.875 -14509.9 -4408.98
8.001 -14416.1 -4351.23
8.128 -14323.4 -4294.41
8.256 -14231.8 -4238.5
8.385 -14141.3 -4183.5
8.515 -14051.8 -4129.37
8.646 -13963.4 -4076.12
8.778 -13876.1 -4023.71
8.911 -13789.7 -3972.13
9.045 -13704.4 -3921.37
9.18 -13620 -3871.42
9.316 -13536.6 -3822.25
9.453 -13454.2 -3773.85
9.591 -13372.7 -3726.22
9.73 -13292.1 -3679.33
9.87 -13212.4 -3633.17
10.011 -13133.6 -3587.73
10.153 -13055.8 -3543
10.296 -12978.7 -3498.96
10.44 -12902.6 -3455.6
10.585 -12827.3 -3412.9
10.731 -12752.8 -3370.86
10.878 -12679.1 -3329.47
11.026 -12606.2 -3288.7
11.175 -12534.1 -3248.56
11.325 -12462.8 -3209.03
11.476 -12392.3 -3170.09
11.628 -12322.5 -3131.74
11.781 -12253.5 -3093.97
11.935 -12185.2 -3056.77
12.09 -12117.7 -3020.12
12.246 -12050.8 -2984.02
12.403 -11984.7 -2948.46
12.561 -11919.2 -2913.42
12.72 -11854.4 -2878.91
12.88 -11790.3 -2844.9
13.041 -11726.9 -2811.39
13.203 -11664.1 -2778.38
13.366 -11602 -2745.85
13.53 -11540.5 -2713.79
13.695 -11479.6 -2682.2
13.861 -11419.3 -2651.07
14.028 -11359.6 -2620.39
14.196 -11300.6 -2590.15
14.365 -11242.1 -2560.34
14.535 -11184.2 -2530.97
14.706 -11126.9 -2502.01
14.878 -11070.1 -2473.47
15.051 -11013.9 -2445.33
15.225 -10958.3 -2417.6
15.4 -10903.2 -2390.25
15.576 -10848.6 -2363.29
15.753 -10794.6 -2336.71
15.931 -10741.1 -2310.51
16.11 -10688.1 -2284.67
16.29 -10635.6 -2259.19
16.471 -10583.6 -2234.07
16.653 -10532 -2209.29
16.836 -10481 -2184.86
17.02 -10430.5 -2160.76
17.205 -10380.4 -2137
17.391 -10330.8 -2113.56
17.578 -10281.6 -2090.45
17.766 -10232.5 -2067.64
17.955 -10184.3 -2045.15
18.145 -10136.5 -2022.97
18.336 -10088.9 -2001.08
18.528 -10041.8 -1979.49
18.721 -9995.08 -1958.19
18.915 -9948.59 -1937.18
19.11 -9902.52 -1916.45
19.306 -9856.46 -1895.99
19.503 -9811 -1875.8
19.701 -9766.34 -1855.89
19.9 -9721.88 -1836.24
20.1 -9678.01 -1816.85
20.301 -9633.92 -1797.71
20.503 -9590.01 -1778.82
20.706 -9546.68 -1760.18
20.91 -9503.73 -1741.79
21.115 -9459.74 -1723.62
21.321 -9417.32 -1705.7
21.528 -9375.46 -1688.02
21.736 -9334.55 -1670.56
21.945 -9292.58 -1653.33
22.155 -9251.57 -1636.32
22.366 -9211.1 -1619.52
22.578 -9169.77 -1602.94
22.791 -9128.97 -1586.57
23.005 -9089.31 -1570.41
23.22 -9048.97 -1554.45
23.436 -9008.75 -1538.69
23.653 -8968.26 -1523.13
23.871 -8929.09 -1507.77
24.09 -8890.24 -1492.61
24.31 -8850.89 -1477.62
24.531 -8811.65 -1462.83
24.753 -8772.12 -1448.21
24.976 -8731.9 -1433.78
25.2 -8692.58 -1419.52
25.425 -8654.36 -1405.45
25.651 -8615.84 -1391.54
25.878 -8578 -1377.81
26.106 -8541.45 -1364.26
26.335 -8504.78 -1350.87
26.565 -8466.59 -1337.63
26.796 -8428.48 -1324.55
27.028 -8390.85 -1311.64
27.261 -8351.7 -1298.86
27.495 -8314.03 -1286.25
27.73 -8276.03 -1273.79
27.966 -8238.5 -1261.48
28.203 -8200.83 -1249.32
28.441 -8164.83 -1237.31
28.68 -8129.49 -1225.45
28.92 -8092.8 -1213.72
29.161 -8055.37 -1202.12
29.403 -8020.19 -1190.67
29.646 -7984.46 -1179.35
29.89 -7946.37 -1168.15
30.135 -7909.55 -1157.09
30.381 -7872.37 -1146.16
30.628 -7835.04 -1135.35
30.876 -7798.75 -1124.67
31.125 -7762.31 -1114.12
31.375 -7727.49 -1103.69
31.626 -7694.31 -1093.4
31.878 -7656.76 -1083.2
32.131 -7619.45 -1073.11
32.385 -7585.76 -1063.17
32.64 -7551.1 -1053.33
32.896 -7517.06 -1043.61
33.153 -7482.44 -1033.99
33.411 -7448.44 -1024.48
33.67 -7413.26 -1015.08
33.93 -7378.1 -1005.78
34.191 -7343.55 -996.589
34.453 -7310.22 -987.509
34.716 -7275.89 -978.523
34.98 -7241.98 -969.641
35.245 -7205.27 -960.838
35.511 -7170.78 -952.147
35.778 -7135.49 -943.548
36.046 -7102.01 -935.055
36.315 -7069.32 -926.661
36.585 -7035.03 -918.348
36.856 -7001.94 -910.135
37.128 -6966.85 -901.997
37.401 -6932.36 -893.953
37.675 -6897.07 -885.99
37.95 -6864.97 -878.136
38.226 -6833.45 -870.37
38.503 -6800.92 -862.681
38.781 -6770.37 -855.089
39.06 -6737.6 -847.563
39.34 -6704.81 -840.117
39.621 -6671.21 -832.746
39.903 -6638.79 -825.461
40.186 -6606.75 -818.257
40.47 -6574.68 -811.129
40.755 -6543.79 -804.084
41.041 -6511.47 -797.104
41.328 -6479.72 -790.202
41.616 -6446.75 -783.364
41.905 -6415.14 -776.607
42.195 -6386.31 -769.939
42.486 -6351.03 -763.298
42.778 -6320.33 -756.757
43.071 -6288.2 -750.275
43.365 -6259.42 -743.882
43.66 -6229.41 -737.547
43.956 -6198.75 -731.274
44.253 -6168.04 -725.065
44.551 -6135.5 -718.907
44.85 -6106.91 -712.839
45.15 -6076.08 -706.818
45.451 -6046.8 -700.87
45.753 -6016.27 -694.973
46.056 -5986.89 -689.144
46.36 -5957.85 -683.377
46.665 -5927.77 -677.661
46.971 -5897.43 -672.002
47.278 -5866.44 -666.395
47.586 -5840.19 -660.876
47.895 -5812.08 -655.4
48.205 -5784.9 -649.985
48.516 -5755.26 -644.608
48.828 -5727.36 -639.296
49.141 -5700.2 -634.042
49.455 -5673.57 -628.844
49.77 -5645.87 -623.69
50.086 -5618.7 -618.59
50.403 -5590.86 -613.537
50.721 -5564.15 -608.54
51.04 -5535.98 -603.583
51.36 -5510.13 -598.69
51.681 -5483.8 -593.842
52.003 -5456 -589.032
52.326 -5429.32 -584.275
52.65 -5403.37 -579.57
52.975 -5375.14 -574.895
53.301 -5347.84 -570.272
53.628 -5319.86 -565.689
53.956 -5293.8 -561.163
54.285 -5266.06 -556.669
54.615 -5239.05 -552.224
54.946 -5214.35 -547.836
55.278 -5188.16 -543.48
55.611 -5162.29 -539.168
55.945 -5135.54 -534.892
56.28 -5109.7 -530.662
56.616 -5085.57 -526.483
56.953 -5059.95 -522.334
57.291 -5033.05 -518.216
57.63 -5005.06 -514.129
57.97 -4980.78 -510.106
58.311 -4954.81 -506.109
58.653 -4931.74 -502.169
58.996 -4906.78 -498.253
59.34 -4883.12 -494.382
59.685 -4857.37 -490.534
60.031 -4834.12 -486.737
60.378 -4808.57 -482.961
60.726 -4785.33 -479.235
61.075 -4758.59 -475.52
61.425 -4734.95 -471.86
61.776 -4711.01 -468.232
62.128 -4686.17 -464.631
62.481 -4665.62 -461.091
62.835 -4641.37 -457.56
63.19 -4620.01 -454.079
63.546 -4595.15 -450.607
63.903 -4570.38 -447.167
64.261 -4543.71 -443.746
64.62 -4520.15 -440.377
64.98 -4496.47 -437.037
65.341 -4476.08 -433.749
65.703 -4451.59 -430.463
66.066 -4430.18 -427.228
66.43 -4409.46 -424.026
66.795 -4389.62 -420.859
67.161 -4368.26 -417.709
67.528 -4347.59 -414.592
67.896 -4326 -411.497
68.265 -4305.09 -408.434
68.635 -4285.07 -405.404
69.006 -4262.93 -402.386
69.378 -4241.27 -399.398
69.751 -4219.5 -396.436
70.125 -4197 -393.495
70.5 -4175.79 -390.588
70.876 -4154.86 -387.709
71.253 -4134.01 -384.856
71.631 -4111.64 -382.017
72.01 -4090.55 -379.211
72.39 -4067.94 -376.42
72.771 -4047.01 -373.664
73.153 -4023.56 -370.915
73.536 -4003.99 -368.216
73.92 -3984.49 -365.54
74.305 -3966.47 -362.898
74.691 -3946.91 -360.268
75.078 -3926.83 -357.657
75.466 -3906.61 -355.067
75.855 -3887.88 -352.509
76.245 -3866.81 -349.958
76.636 -3848.61 -347.447
77.028 -3832.08 -344.969
77.421 -3814.01 -342.502
77.815 -3798.21 -340.07
78.21 -3778.87 -337.636
78.606 -3755.6 -335.195
79.003 -3736.41 -332.803
79.401 -3716.69 -330.427
79.8 -3698.23 -328.079
80.2 -3679.04 -325.746
80.601 -3660.51 -323.438
81.003 -3644.25 -321.163
81.406 -3624.85 -318.887
81.81 -3607.11 -316.64
82.215 -3588.64 -314.407
82.621 -3569.42 -312.188
83.028 -3551.68 -309.997
83.436 -3534.99 -307.831
83.845 -3516.96 -305.673
84.255 -3498.4 -303.53
84.666 -3481.69 -301.417
85.078 -3463.84 -299.314
85.491 -3445.26 -297.223
85.905 -3427.93 -295.157
86.32 -3411.86 -293.117
86.736 -3396.05 -291.095
87.153 -3378.29 -289.076
87.571 -3361.78 -287.082
87.99 -3347.53 -285.119
88.41 -3331.14 -283.158
88.831 -3317.39 -281.23
89.253 -3303.69 -279.318
89.676 -3287.64 -277.405
90.1 -3269.45 -275.493
90.525 -3254.91 -273.621
90.951 -3236.62 -271.739
91.378 -3219.39 -269.879
91.806 -3203.81 -268.045
92.235 -3189.29 -266.233
92.665 -3173.01 -264.423
93.096 -3158.58 -262.64
93.528 -3142.4 -260.859
93.961 -3126.87 -259.097
94.395 -3109.8 -257.338
94.83 -3094.37 -255.604
95.266 -3080.59 -253.894
95.703 -3067.46 -252.203
96.141 -3054.37 -250.525
96.58 -3038.12 -248.838
97.02 -3024.12 -247.18
97.461 -3012.37 -245.55
97.903 -2997.65 -243.913
98.346 -2981.79 -242.28
98.79 -2967.97 -240.674
99.235 -2954.6 -239.084
99.681 -2940.07 -237.498
100.128 -2925.38 -235.923
100.576 -2910.94 -234.361
101.025 -2896.34 -232.811
101.475 -2880.99 -231.268
101.926 -2866.68 -229.743
102.378 -2851.42 -228.224
102.831 -2836.8 -226.72
103.285 -2824.02 -225.241
103.74 -2812.08 -223.778
104.196 -2798.98 -222.318
104.653 -2786.32 -220.873
105.111 -2774.1 -219.441
105.57 -2761.12 -218.015
106.03 -2747.77 -216.597
106.491 -2733.27 -215.182
106.953 -2721.2 -213.794
107.416 -2707.78 -212.408
107.88 -2696.39 -211.045
108.345 -2683.04 -209.68
108.811 -2670.72 -208.331
109.278 -2658.85 -206.996
109.746 -2646.21 -205.665
110.215 -2632 -204.334
110.685 -2618.84 -203.02
111.156 -2606.51 -201.721
111.628 -2593.42 -200.426
112.101 -2580.97 -199.145
112.575 -2566.95 -197.863
113.05 -2554.97 -196.605
113.526 -2545.23 -195.37
114.003 -2532.71 -194.126
114.481 -2521.03 -192.897
114.96 -2510.39 -191.683
115.44 -2499.57 -190.478
115.921 -2488.19 -189.277
116.403 -2477.04 -188.086
116.886 -2464.72 -186.897
117.37 -2452.83 -185.718
117.855 -2441.98 -184.556
118.341 -2431.76 -183.405
118.828 -2420.77 -182.258
119.316 -2409.41 -181.117
119.805 -2397.68 -179.982
120.295 -2386.19 -178.856
120.786 -2377.92 -177.76
121.278 -2368.08 -176.661
121.771 -2356.87 -175.561
122.265 -2344.49 -174.461
122.76 -2334.55 -173.385
123.256 -2324.03 -172.313
123.753 -2314.74 -171.256
124.251 -2303.28 -170.193
124.75 -2292.25 -169.14
