0 -35980.5 -21456.4
0.001 -35913.3 -21393.4
0.003 -35812.7 -21299.7
0.006 -35685 -21181.7
0.01 -35533.9 -21043
0.015 -35361.3 -20885.4
0.021 -35168.2 -20710.1
0.028 -34955.9 -20518.2
0.036 -34725.2 -20310.5
0.045 -34477.1 -20087.9
0.055 -34212.8 -19851.6
0.066 -33933.2 -19602.4
0.078 -33639.6 -19341.6
0.091 -33333 -19070.1
0.105 -33014.6 -18789.1
0.12 -32685.5 -18499.6
0.136 -32346.9 -18202.6
0.153 -31999.9 -17899.2
0.171 -31645.5 -17590.5
0.19 -31284.8 -17277.3
0.21 -30918.9 -16960.5
0.231 -30548.6 -16641.2
0.253 -30174.9 -16320.1
0.276 -29798.6 -15998
0.3 -29420.6 -15675.6
0.325 -29041.7 -15353.7
0.351 -28662.4 -15032.8
0.378 -28283.6 -14713.6
0.406 -27905.8 -14396.5
0.435 -27529.5 -14082.1
0.465 -27155.2 -13770.8
0.496 -26783.5 -13462.9
0.528 -26414.7 -13158.8
0.561 -26049.2 -12858.9
0.595 -25687.3 -12563.2
0.63 -25329.2 -12272.2
0.666 -24975.4 -11986
0.703 -24625.9 -11704.8
0.741 -24281 -11428.6
0.78 -23940.9 -11157.7
0.82 -23605.6 -10892
0.861 -23275.3 -10631.7
0.903 -22950.1 -10376.7
0.946 -22630 -10127.2
0.99 -22315.1 -9883.15
1.035 -22005.5 -9644.48
1.081 -21701.1 -9411.21
1.128 -21402 -9183.29
1.176 -21108.1 -8960.7
1.225 -20819.4 -8743.36
1.275 -20536 -8531.23
1.326 -20257.7 -8324.22
1.378 -19984.5 -8122.28
1.431 -19716.4 -7925.32
1.485 -19453.3 -7733.25
1.54 -19195.2 -7546
1.596 -18941.9 -7363.47
1.653 -18693.5 -7185.57
1.711 -18449.8 -7012.21
1.77 -18210.8 -6843.3
1.83 -17976.4 -6678.74
1.891 -17746.6 -6518.44
1.953 -17521.1 -6362.3
2.016 -17300.1 -6210.23
2.08 -17083.3 -6062.13
2.145 -16870.7 -5917.9
2.211 -16662.2 -5777.46
2.278 -16457.8 -5640.72
2.346 -16257.4 -5507.57
2.415 -16060.8 -5377.93
2.485 -15868 -5251.71
2.556 -15679 -5128.81
2.628 -15493.6 -5009.17
2.701 -15311.7 -4892.67
2.775 -15133.4 -4779.26
2.85 -14958.4 -4668.83
2.926 -14786.8 -4561.31
3.003 -14618.4 -4456.62
3.081 -14453.3 -4354.69
3.16 -14291.2 -4255.44
3.24 -14132.2 -4158.79
3.321 -13976.2 -4064.67
3.403 -13823.1 -3973.01
3.486 -13672.8 -3883.75
3.57 -13525.3 -3796.82
3.655 -13380.5 -3712.14
3.741 -13238.4 -3629.66
3.828 -13098.9 -3549.32
3.916 -12961.9 -3471.06
4.005 -12827.4 -3394.81
4.095 -12695.2 -3320.53
4.186 -12565.5 -3248.14
4.278 -12438.1 -3177.62
4.371 -12312.9 -3108.89
4.465 -12189.9 -3041.91
4.56 -12069.1 -2976.62
4.656 -11950.4 -2913
4.753 -11833.8 -2850.97
4.851 -11719.1 -2790.51
4.95 -11606.5 -2731.56
5.05 -11495.7 -2674.09
5.151 -11386.9 -2618.05
5.253 -11279.8 -2563.4
5.356 -11174.6 -2510.1
5.46 -11071.1 -2458.12
5.565 -10969.4 -2407.42
5.671 -10869.3 -2357.96
5.778 -10770.8 -2309.72
5.886 -10674 -2262.64
5.995 -10578.7 -2216.71
6.105 -10485 -2171.9
6.216 -10392.8 -2128.16
6.328 -10302 -2085.47
6.441 -10212.7 -2043.81
6.555 -10124.8 -2003.14
6.67 -10038.3 -1963.44
6.786 -9953.08 -1924.68
6.903 -9869.22 -1886.83
7.021 -9786.65 -1849.88
7.14 -9705.34 -1813.79
7.26 -9625.27 -1778.55
7.381 -9546.42 -1744.13
7.503 -9468.75 -1710.5
7.626 -9392.24 -1677.66
7.75 -9316.27 -1645.56
7.875 -9241.83 -1614.21
8.001 -9167.88 -1583.57
8.128 -9095.2 -1553.63
8.256 -9022.38 -1524.36
8.385 -8951.4 -1495.76
8.515 -8881.63 -1467.8
8.646 -8812.45 -1440.47
8.778 -8743.85 -1413.76
8.911 -8674.22 -1387.62
9.045 -8605.94 -1362.07
9.18 -8538.99 -1337.08
9.316 -8472.35 -1312.65
9.453 -8402.43 -1288.72
9.591 -8336.02 -1265.34
9.73 -8268.09 -1242.45
9.87 -8199.24 -1220.05
10.011 -8131.45 -1198.14
10.153 -8061.54 -1176.68
10.296 -7994.08 -1155.69
10.44 -7927.45 -1135.16
10.585 -7859.44 -1115.05
10.731 -7790.85 -1095.36
10.878 -7723.27 -1076.09
11.026 -7658.09 -1057.24
11.175 -7590.08 -1038.77
11.325 -7524.84 -1020.69
11.476 -7457.37 -1002.98
11.628 -7388.67 -985.623
11.781 -7322.71 -968.642
11.935 -7258.68 -952.021
12.09 -7193.38 -935.731
12.246 -7129.38 -919.781
12.403 -7064.47 -904.148
12.561 -7002.45 -888.849
12.72 -6936.5 -873.832
12.88 -6874.23 -859.14
13.041 -6810.82 -844.734
13.203 -6747.26 -830.614
13.366 -6683.95 -816.775
13.53 -6619.69 -803.203
13.695 -6557.65 -789.914
13.861 -6496.03 -776.887
14.028 -6436.61 -764.13
14.196 -6374.39 -751.602
14.365 -6315.95 -739.343
14.535 -6259.28 -727.331
14.706 -6195.78 -715.506
14.878 -6134.27 -703.921
15.051 -6073.92 -692.566
15.225 -6014.12 -681.43
15.4 -5955.26 -670.512
15.576 -5897.14 -659.806
15.753 -5841.54 -649.318
15.931 -5782.45 -639.003
16.11 -5727.07 -628.906
16.29 -5674.39 -619.016
16.471 -5620.38 -609.3
16.653 -5564.66 -599.753
16.836 -5509.41 -590.385
17.02 -5453.44 -581.184
17.205 -5399.94 -572.168
17.391 -5348.48 -563.331
17.578 -5291.68 -554.618
17.766 -5242.92 -546.117
17.955 -5194.37 -537.771
18.145 -5142.85 -529.555
18.336 -5094.13 -521.504
18.528 -5044.63 -513.593
18.721 -4991.33 -505.796
18.915 -4935.86 -498.124
19.11 -4884.8 -490.617
19.306 -4834.93 -483.25
19.503 -4785.65 -476.017
19.701 -4738.95 -468.927
19.9 -4697.01 -461.993
20.1 -4650.81 -455.15
20.301 -4607.57 -448.446
20.503 -4559.07 -441.821
20.706 -4512.93 -435.327
20.91 -4472.71 -428.983
21.115 -4426.63 -422.709
21.321 -4385.27 -416.573
21.528 -4344.83 -410.546
21.736 -4301.69 -404.604
21.945 -4261.66 -398.782
22.155 -4221.93 -393.06
22.366 -4176.71 -387.397
22.578 -4135.19 -381.853
22.791 -4091.37 -376.386
23.005 -4053.64 -371.05
23.22 -4014.79 -365.794
23.436 -3978.81 -360.644
23.653 -3939.69 -355.558
23.871 -3899.05 -350.544
24.09 -3861.47 -345.633
24.31 -3817.37 -340.757
24.531 -3782.94 -336.026
24.753 -3743.56 -331.337
24.976 -3708.03 -326.75
25.2 -3672.35 -322.235
25.425 -3635.71 -317.786
25.651 -3599.1 -313.407
25.878 -3563.54 -309.106
26.106 -3530.4 -304.888
26.335 -3497.49 -300.738
26.565 -3466.58 -296.667
26.796 -3434.3 -292.65
27.028 -3398.22 -288.671
27.261 -3364.37 -284.769
27.495 -3333.73 -280.948
27.73 -3300.68 -277.171
27.966 -3269.64 -273.465
28.203 -3238.4 -269.814
28.441 -3209.35 -266.234
28.68 -3176.1 -262.681
28.92 -3142.64 -259.18
29.161 -3113.57 -255.762
29.403 -3084.49 -252.396
29.646 -3052.99 -249.064
29.89 -3023.07 -245.793
30.135 -2994.33 -242.579
30.381 -2964.77 -239.407
30.628 -2940.17 -236.315
30.876 -2913.13 -233.253
31.125 -2884.06 -230.223
31.375 -2860.34 -227.274
31.626 -2833.97 -224.349
31.878 -2804.77 -221.449
32.131 -2777.93 -218.607
32.385 -2751.04 -215.807
32.64 -2727.9 -213.072
32.896 -2703.1 -210.365
33.153 -2679.64 -207.707
33.411 -2654.92 -205.078
33.67 -2630.34 -202.488
33.93 -2606.3 -199.939
34.191 -2579.99 -197.411
34.453 -2556.02 -194.934
34.716 -2535.99 -192.519
34.98 -2514.87 -190.131
35.245 -2489.88 -187.751
35.511 -2465.62 -185.409
35.778 -2441.49 -183.101
36.046 -2419.68 -180.84
36.315 -2398.8 -178.618
36.585 -2377.43 -176.423
36.856 -2357.17 -174.266
37.128 -2334.23 -172.121
37.401 -2313 -170.016
37.675 -2293.48 -167.953
37.95 -2269.48 -165.887
38.226 -2249.2 -163.875
38.503 -2228.62 -161.888
38.781 -2205.95 -159.915
39.06 -2185.79 -157.984
39.34 -2164.14 -156.071
39.621 -2145.19 -154.201
39.903 -2124.75 -152.346
40.186 -2106 -150.527
40.47 -2089.15 -148.746
40.755 -2072.38 -146.988
41.041 -2052.51 -145.234
41.328 -2035.93 -143.524
41.616 -2017.23 -141.823
41.905 -1998.24 -140.143
42.195 -1980.33 -138.491
42.486 -1965.9 -136.885
42.778 -1946.96 -135.27
43.071 -1930.9 -133.695
43.365 -1913.13 -132.129
43.66 -1896.64 -130.592
43.956 -1880.43 -129.077
44.253 -1862.5 -127.57
44.551 -1845.46 -126.088
44.85 -1828.69 -124.627
45.15 -1811.61 -123.183
45.451 -1796.2 -121.769
45.753 -1781.67 -120.378
46.056 -1765.6 -118.995
46.36 -1750.21 -117.634
46.665 -1735.3 -116.293
46.971 -1719.65 -114.964
47.278 -1703.68 -113.65
47.586 -1690.97 -112.375
47.895 -1673.54 -111.083
48.205 -1659.97 -109.834
48.516 -1645.67 -108.595
48.828 -1631.43 -107.373
49.141 -1618.86 -106.176
49.455 -1605.54 -104.989
49.77 -1593.49 -103.826
50.086 -1582.28 -102.682
50.403 -1570.14 -101.546
50.721 -1557.85 -100.423
51.04 -1544.62 -99.3076
51.36 -1533.04 -98.2167
51.681 -1521.72 -97.1406
52.003 -1511.44 -96.0847
52.326 -1498.02 -95.0204
52.65 -1487.06 -93.9854
52.975 -1475.74 -92.9606
53.301 -1462.88 -91.9376
53.628 -1452.86 -90.946
53.956 -1442.3 -89.9626
54.285 -1431.58 -88.9898
54.615 -1420.51 -88.0263
54.946 -1408.89 -87.0706
55.278 -1396.72 -86.1224
55.611 -1388.4 -85.2113
55.945 -1378.71 -84.3017
56.28 -1366.08 -83.383
56.616 -1354.49 -82.4823
56.953 -1344.75 -81.6044
57.291 -1332.85 -80.7223
57.63 -1319.61 -79.8416
57.97 -1308.01 -78.9821
58.311 -1297.06 -78.1371
58.653 -1286.35 -77.3035
58.996 -1277.69 -76.4931
59.34 -1266.87 -75.6777
59.685 -1257.68 -74.8826
60.031 -1247.14 -74.0876
60.378 -1239.24 -73.3194
60.726 -1229.57 -72.548
61.075 -1220.15 -71.7871
61.425 -1212.16 -71.0444
61.776 -1202.4 -70.2984
62.128 -1192.29 -69.5584
62.481 -1181.01 -68.819
62.835 -1169.38 -68.0857
63.19 -1159.39 -67.3717
63.546 -1150.64 -66.6739
63.903 -1139.93 -65.971
64.261 -1128.46 -65.2707
64.62 -1120.02 -64.5987
64.98 -1110.22 -63.925
65.341 -1101.86 -63.2684
65.703 -1093.52 -62.6193
66.066 -1084.43 -61.9722
66.43 -1076.56 -61.3406
66.795 -1068.93 -60.7175
67.161 -1058.52 -60.0826
67.528 -1051.56 -59.4778
67.896 -1043.62 -58.8731
68.265 -1037.31 -58.2859
68.635 -1030.02 -57.6985
69.006 -1023.17 -57.1205
69.378 -1015.34 -56.5421
69.751 -1006.74 -55.9648
70.125 -998.97 -55.3993
70.5 -991.831 -54.8442
70.876 -984.917 -54.2966
71.253 -977.628 -53.7522
71.631 -971.167 -53.2192
72.01 -964.531 -52.6908
72.39 -958.519 -52.1722
72.771 -953.13 -51.6633
73.153 -945.567 -51.1453
73.536 -938.828 -50.6383
73.92 -932.114 -50.1368
74.305 -924.626 -49.6353
74.691 -919.361 -49.1541
75.078 -912.318 -48.6661
75.466 -906.1 -48.1886
75.855 -901.104 -47.7244
76.245 -895.328 -47.2598
76.636 -889.173 -46.7975
77.028 -882.642 -46.3375
77.421 -876.532 -45.8852
77.815 -870.446 -45.4376
78.21 -863.382 -44.9882
78.606 -857.341 -44.5503
79.003 -850.125 -44.1091
79.401 -844.529 -43.6833
79.8 -837.156 -43.25
80.2 -830.806 -42.828
80.601 -824.877 -42.4131
81.003 -819.967 -42.0093
81.406 -813.677 -41.6004
81.81 -806.41 -41.1891
82.215 -801.164 -40.7956
82.621 -795.737 -40.4048
83.028 -790.927 -40.0222
83.436 -785.535 -39.6395
83.845 -779.362 -39.2554
84.255 -775.009 -38.8874
84.666 -770.471 -38.5219
85.078 -765.15 -38.1547
85.491 -760.446 -37.7954
85.905 -754.36 -37.4304
86.32 -747.895 -37.0666
86.736 -741.65 -36.7078
87.153 -735.225 -36.3515
87.571 -729.019 -36.0002
87.99 -724.831 -35.6659
88.41 -719.858 -35.3296
88.831 -714.104 -34.9914
89.253 -709.965 -34.6674
89.676 -704.842 -34.34
90.1 -700.735 -34.0227
90.525 -696.241 -33.7058
90.951 -691.164 -33.3881
91.378 -685.704 -33.071
91.806 -680.259 -32.7571
92.235 -676.229 -32.4557
92.665 -671.416 -32.152
93.096 -666.417 -31.85
93.528 -661.034 -31.5484
93.961 -655.469 -31.2485
94.395 -649.721 -30.9503
94.83 -645.588 -30.6658
95.266 -642.667 -30.3922
95.703 -638.159 -30.1106
96.141 -633.264 -29.829
96.58 -629.783 -29.5596
97.02 -625.714 -29.2889
97.461 -621.459 -29.0195
97.903 -616.418 -28.7474
98.346 -613.389 -28.4914
98.79 -609.971 -28.2352
99.235 -605.565 -27.9747
99.681 -601.372 -27.7182
100.128 -597.592 -27.4669
100.576 -594.023 -27.2193
101.025 -588.269 -26.9595
101.475 -584.526 -26.7156
101.926 -581.396 -26.478
102.378 -578.275 -26.2428
102.831 -575.365 -26.0111
103.285 -572.464 -25.7817
103.74 -567.775 -25.5425
104.196 -564.498 -25.3149
104.653 -561.63 -25.0922
105.111 -558.172 -24.8676
105.57 -554.325 -24.6424
106.03 -549.891 -24.4155
106.491 -545.668 -24.192
106.953 -542.656 -23.9787
107.416 -539.255 -23.7648
107.88 -535.464 -23.5502
108.345 -531.283 -23.335
108.811 -528.114 -23.1285
109.278 -525.753 -22.9294
109.746 -521.601 -22.72
110.215 -518.46 -22.5193
110.685 -515.529 -22.3219
111.156 -512.806 -22.1277
111.628 -509.493 -21.9313
112.101 -505.589 -21.7327
112.575 -502.496 -21.5413
113.05 -500.211 -21.3571
113.526 -496.933 -21.1678
114.003 -494.064 -20.983
114.481 -491.204 -20.8
114.96 -488.153 -20.6173
115.44 -485.31 -20.4376
115.921 -482.675 -20.2609
116.403 -479.649 -20.0833
116.886 -476.831 -19.9085
117.37 -474.621 -19.7394
117.855 -472.018 -19.5692
118.341 -469.421 -19.4005
118.828 -465.435 -19.2241
119.316 -462.057 -19.0532
119.805 -458.889 -18.8852
120.295 -455.928 -18.7202
120.786 -453.177 -18.558
121.278 -450.632 -18.3986
121.771 -448.295 -18.2421
122.265 -445.565 -18.0842
122.76 -442.443 -17.9251
123.256 -439.529 -17.7689
123.753 -437.023 -17.6167
124.251 -434.523 -17.4659
124.75 -432.83 -17.3218
