0 -469.028 -284.945
1 -467.762 -283.766
2 -466.041 -282.174
3 -463.906 -280.21
4 -461.393 -277.911
5 -458.532 -275.304
6 -455.351 -272.416
7 -451.875 -269.274
8 -448.132 -265.902
9 -444.146 -262.324
10 -439.941 -258.563
11 -435.542 -254.642
12 -430.972 -250.583
13 -426.254 -246.407
14 -421.407 -242.132
15 -416.453 -237.779
16 -411.412 -233.365
17 -406.299 -228.905
18 -401.134 -224.416
19 -395.93 -219.911
20 -390.702 -215.403
21 -385.463 -210.903
22 -380.226 -206.422
23 -375 -201.97
24 -369.796 -197.555
25 -364.624 -193.185
26 -359.49 -188.866
27 -354.401 -184.604
28 -349.364 -180.404
29 -344.385 -176.27
30 -339.466 -172.206
31 -334.613 -168.214
32 -329.829 -164.297
33 -325.116 -160.457
34 -320.476 -156.694
35 -315.911 -153.011
36 -311.424 -149.407
37 -307.014 -145.884
38 -302.682 -142.44
39 -298.429 -139.077
40 -294.255 -135.792
41 -290.16 -132.586
42 -286.144 -129.459
43 -282.205 -126.408
44 -278.344 -123.433
45 -274.56 -120.533
46 -270.851 -117.707
47 -267.217 -114.953
48 -263.657 -112.269
49 -260.17 -109.655
50 -256.754 -107.11
51 -253.409 -104.63
52 -250.132 -102.216
53 -246.924 -99.866
54 -243.782 -97.5777
55 -240.706 -95.3502
56 -237.693 -93.1818
57 -234.743 -91.0712
58 -231.854 -89.0168
59 -229.025 -87.0172
60 -226.255 -85.0709
61 -223.541 -83.1766
62 -220.884 -81.3327
63 -218.282 -79.538
64 -215.732 -77.791
65 -213.235 -76.0904
66 -210.789 -74.4349
67 -208.392 -72.8232
68 -206.043 -71.2541
69 -203.742 -69.7262
70 -201.486 -68.2385
71 -199.275 -66.7898
72 -197.108 -65.3788
73 -194.984 -64.0046
74 -192.9 -62.666
75 -190.858 -61.362
76 -188.855 -60.0916
77 -186.89 -58.8538
78 -184.963 -57.6476
79 -183.072 -56.4721
80 -181.217 -55.3265
81 -179.397 -54.2097
82 -177.61 -53.1211
83 -175.857 -52.0597
84 -174.136 -51.0248
85 -172.446 -50.0156
86 -170.786 -49.0314
87 -169.157 -48.0714
88 -167.557 -47.1349
89 -165.985 -46.2213
90 -164.441 -45.3299
91 -162.924 -44.46
92 -161.433 -43.6111
93 -159.968 -42.7825
94 -158.529 -41.9737
95 -157.113 -41.1842
96 -155.722 -40.4133
97 -154.354 -39.6605
98 -153.009 -38.9254
99 -151.687 -38.2074
100 -150.386 -37.5061
101 -149.106 -36.8209
102 -147.848 -36.1516
103 -146.609 -35.4976
104 -145.391 -34.8584
105 -144.191 -34.2338
106 -143.011 -33.6233
107 -141.85 -33.0265
108 -140.706 -32.4431
109 -139.58 -31.8726
110 -138.472 -31.3148
111 -137.38 -30.7693
112 -136.305 -30.2358
113 -135.246 -29.7139
114 -134.203 -29.2034
115 -133.176 -28.704
116 -132.163 -28.2153
117 -131.166 -27.7372
118 -130.182 -27.2692
119 -129.212 -26.8112
120 -128.255 -26.3629
121 -127.311 -25.9241
122 -126.383 -25.4945
123 -125.465 -25.0738
124 -124.561 -24.6619
125 -123.666 -24.2585
126 -122.784 -23.8635
127 -121.912 -23.4765
128 -121.048 -23.0975
129 -120.198 -22.7261
130 -119.355 -22.3623
131 -118.52 -22.0058
132 -117.689 -21.6564
133 -116.865 -21.314
134 -116.048 -20.9784
135 -115.24 -20.6494
136 -114.438 -20.3269
137 -113.639 -20.0107
138 -112.844 -19.7007
139 -112.065 -19.3968
140 -111.29 -19.0987
141 -110.519 -18.8064
142 -109.749 -18.5197
143 -108.98 -18.2384
144 -108.217 -17.9624
145 -107.456 -17.6917
146 -106.693 -17.4261
147 -105.924 -17.1654
148 -105.177 -16.9097
149 -104.429 -16.6587
150 -103.684 -16.4124
151 -102.936 -16.1706
152 -102.199 -15.9333
153 -101.473 -15.7003
154 -100.767 -15.4718
155 -100.043 -15.2473
156 -99.33 -15.0269
157 -98.6115 -14.8104
158 -97.8993 -14.5978
159 -97.2024 -14.3891
160 -96.4935 -14.1841
161 -95.7962 -13.9827
162 -95.0939 -13.7849
163 -94.3875 -13.5905
164 -93.696 -13.3996
165 -93.006 -13.212
166 -92.3172 -13.0277
167 -91.6318 -12.8466
168 -90.9536 -12.6687
169 -90.2676 -12.4937
170 -89.5991 -12.3219
171 -88.9296 -12.153
172 -88.2683 -11.987
173 -87.6162 -11.8239
174 -86.9529 -11.6634
175 -86.2916 -11.5056
176 -85.639 -11.3506
177 -84.9937 -11.1981
178 -84.3537 -11.0482
179 -83.7169 -10.9009
180 -83.084 -10.7559
181 -82.4661 -10.6135
182 -81.8355 -10.4733
183 -81.2099 -10.3354
184 -80.5951 -10.1998
185 -79.9751 -10.0664
186 -79.3693 -9.93516
187 -78.7382 -9.80591
188 -78.1437 -9.67896
189 -77.5464 -9.55402
190 -76.9436 -9.43102
191 -76.3555 -9.31007
192 -75.7577 -9.19095
193 -75.1645 -9.07374
194 -74.5852 -8.95845
195 -74.0052 -8.84496
196 -73.4216 -8.73321
197 -72.8413 -8.6232
198 -72.2621 -8.51491
199 -71.6893 -8.40832
200 -71.1215 -8.30339
201 -70.5615 -8.20013
202 -70.0164 -8.09853
203 -69.4602 -7.99839
204 -68.9132 -7.89983
205 -68.3753 -7.80282
206 -67.8401 -7.70728
207 -67.3027 -7.61315
208 -66.7691 -7.52045
209 -66.2429 -7.42918
210 -65.7159 -7.33925
211 -65.1931 -7.25068
212 -64.6734 -7.16343
213 -64.17 -7.07757
214 -63.6785 -6.99304
215 -63.1844 -6.90972
216 -62.6813 -6.82755
217 -62.2043 -6.74674
218 -61.7193 -6.66705
219 -61.2543 -6.58863
220 -60.7621 -6.51115
221 -60.2768 -6.43482
222 -59.8025 -6.35965
223 -59.3277 -6.28555
224 -58.8604 -6.21254
225 -58.3921 -6.14055
226 -57.9231 -6.06957
227 -57.47 -5.99968
228 -57.0132 -5.93075
229 -56.561 -5.86281
230 -56.1108 -5.79582
231 -55.6737 -5.72985
232 -55.2373 -5.66478
233 -54.7989 -5.6006
234 -54.3834 -5.53745
235 -53.9374 -5.47496
236 -53.5296 -5.41357
237 -53.1011 -5.35287
238 -52.6908 -5.29312
239 -52.2681 -5.23408
240 -51.8499 -5.17587
241 -51.4433 -5.11852
242 -51.0491 -5.06202
243 -50.6416 -5.00617
244 -50.2473 -4.95116
245 -49.8481 -4.89684
246 -49.4711 -4.84339
247 -49.0975 -4.79066
248 -48.7209 -4.7386
249 -48.3416 -4.6872
250 -47.9736 -4.63655
251 -47.5878 -4.58643
252 -47.2265 -4.53713
253 -46.8536 -4.48839
254 -46.4831 -4.44029
255 -46.1207 -4.39286
256 -45.7627 -4.34607
257 -45.3994 -4.29983
258 -45.0337 -4.25418
259 -44.6843 -4.2092
260 -44.348 -4.16489
261 -44.0111 -4.12113
262 -43.67 -4.07789
263 -43.336 -4.03524
264 -42.9929 -3.99306
265 -42.6672 -3.95152
266 -42.3276 -3.91041
267 -42.0118 -3.86996
268 -41.6912 -3.82998
269 -41.3659 -3.79047
270 -41.0514 -3.75151
271 -40.7426 -3.71306
272 -40.4401 -3.67513
273 -40.1292 -3.6376
274 -39.8262 -3.60058
275 -39.5184 -3.56398
276 -39.2189 -3.52787
277 -38.9325 -3.49228
278 -38.6452 -3.45712
279 -38.3549 -3.42236
280 -38.0604 -3.38798
281 -37.7718 -3.35405
282 -37.4838 -3.32053
283 -37.2016 -3.28745
284 -36.9375 -3.25487
285 -36.6568 -3.22257
286 -36.3774 -3.19066
287 -36.1261 -3.15931
288 -35.8529 -3.12817
289 -35.5982 -3.09753
290 -35.3434 -3.06724
291 -35.0812 -3.03724
292 -34.8209 -3.00761
293 -34.5763 -2.97843
294 -34.3144 -2.94946
295 -34.0582 -2.92087
296 -33.8103 -2.89266
297 -33.552 -2.86469
298 -33.3045 -2.83712
299 -33.0601 -2.80989
300 -32.814 -2.78295
301 -32.5671 -2.7563
302 -32.3356 -2.73006
303 -32.092 -2.70404
304 -31.8647 -2.67841
305 -31.6384 -2.65308
306 -31.4068 -2.62799
307 -31.1833 -2.60324
308 -30.9477 -2.57868
309 -30.7283 -2.5545
310 -30.4987 -2.53052
311 -30.2753 -2.50684
312 -30.0492 -2.48341
313 -29.8214 -2.46022
314 -29.6033 -2.43735
315 -29.3769 -2.41467
316 -29.1595 -2.39229
317 -28.9622 -2.3703
318 -28.7657 -2.34855
319 -28.5622 -2.32698
320 -28.3583 -2.30565
321 -28.1576 -2.28456
322 -27.9582 -2.26371
323 -27.7589 -2.24308
324 -27.564 -2.2227
325 -27.3671 -2.20252
326 -27.1842 -2.18265
327 -26.9869 -2.1629
328 -26.8012 -2.14342
329 -26.6166 -2.12417
330 -26.4369 -2.10514
331 -26.257 -2.08632
332 -26.074 -2.06766
333 -25.8852 -2.04917
334 -25.7093 -2.03095
335 -25.5224 -2.01285
336 -25.3463 -1.99501
337 -25.1665 -1.97732
338 -24.987 -1.95982
339 -24.8138 -1.94255
340 -24.6366 -1.92542
341 -24.4616 -1.90848
342 -24.2925 -1.89176
343 -24.1181 -1.87516
344 -23.9567 -1.85883
345 -23.7896 -1.84262
346 -23.6303 -1.82663
347 -23.4689 -1.81078
348 -23.3204 -1.79518
349 -23.1638 -1.77969
350 -23.0177 -1.76441
351 -22.8555 -1.74918
352 -22.7047 -1.73418
353 -22.5556 -1.71934
354 -22.4095 -1.70467
355 -22.2568 -1.6901
356 -22.1142 -1.67574
357 -21.9698 -1.66151
358 -21.816 -1.64735
359 -21.6703 -1.63339
360 -21.5324 -1.61962
361 -21.3966 -1.60599
362 -21.2481 -1.59242
363 -21.1029 -1.57899
364 -20.9575 -1.5657
365 -20.8194 -1.55258
366 -20.6803 -1.53959
367 -20.5464 -1.52675
368 -20.4158 -1.51406
369 -20.2853 -1.50149
370 -20.1541 -1.48904
371 -20.0249 -1.47672
372 -19.8967 -1.46452
373 -19.7761 -1.45249
374 -19.6499 -1.44053
375 -19.5202 -1.42867
376 -19.3974 -1.41696
377 -19.2782 -1.40539
378 -19.1582 -1.39392
379 -19.033 -1.38253
380 -18.9076 -1.37124
381 -18.7821 -1.36005
382 -18.6595 -1.34899
383 -18.5437 -1.33808
384 -18.4303 -1.32728
385 -18.3165 -1.31658
386 -18.2039 -1.30599
387 -18.0814 -1.29543
388 -17.9668 -1.28502
389 -17.8562 -1.27473
390 -17.742 -1.26452
391 -17.6279 -1.25439
392 -17.512 -1.24435
393 -17.4054 -1.23446
394 -17.3 -1.22467
395 -17.1881 -1.21492
396 -17.0806 -1.2053
397 -16.9798 -1.1958
398 -16.8738 -1.18636
399 -16.7633 -1.17697
400 -16.6513 -1.16765
401 -16.5583 -1.15854
402 -16.4585 -1.14948
403 -16.3543 -1.14046
404 -16.2448 -1.13148
405 -16.1448 -1.12266
406 -16.0524 -1.11396
407 -15.9595 -1.10533
408 -15.856 -1.09671
409 -15.7502 -1.08815
410 -15.6475 -1.07968
411 -15.5459 -1.0713
412 -15.4498 -1.06303
413 -15.3488 -1.0548
414 -15.251 -1.04666
415 -15.1586 -1.03863
416 -15.0678 -1.03068
417 -14.9748 -1.02278
418 -14.885 -1.01497
419 -14.7986 -1.00726
420 -14.7065 -0.99957
421 -14.6159 -0.991959
422 -14.5252 -0.984412
423 -14.4412 -0.976975
424 -14.343 -0.969507
425 -14.2572 -0.962186
426 -14.1752 -0.954953
427 -14.089 -0.947754
428 -14.008 -0.94065
429 -13.9284 -0.933616
430 -13.8394 -0.926579
431 -13.7635 -0.919689
432 -13.6838 -0.912832
433 -13.5909 -0.905943
434 -13.5033 -0.899149
435 -13.4213 -0.892449
436 -13.3431 -0.885831
437 -13.2667 -0.879281
438 -13.1881 -0.87277
439 -13.1122 -0.866332
440 -13.0406 -0.859976
441 -12.9667 -0.853657
442 -12.8867 -0.84735
443 -12.8137 -0.841142
444 -12.7381 -0.834967
445 -12.6652 -0.828862
446 -12.5849 -0.822757
447 -12.5184 -0.816795
448 -12.4409 -0.810808
449 -12.3712 -0.804923
450 -12.2958 -0.799046
451 -12.2285 -0.793273
452 -12.1535 -0.787495
453 -12.0811 -0.781781
454 -12.0201 -0.77619
455 -11.9493 -0.770579
456 -11.8751 -0.76499
457 -11.8095 -0.759504
458 -11.7456 -0.754074
459 -11.6748 -0.74864
460 -11.6126 -0.743308
461 -11.5474 -0.737999
462 -11.4807 -0.732722
463 -11.4107 -0.727465
464 -11.3416 -0.722257
465 -11.2759 -0.717112
466 -11.2197 -0.712072
467 -11.1559 -0.707021
468 -11.0948 -0.702028
469 -11.0314 -0.697059
470 -10.9703 -0.692144
471 -10.9069 -0.687253
472 -10.8512 -0.682452
473 -10.7902 -0.677653
474 -10.7233 -0.672852
475 -10.6701 -0.668181
476 -10.6116 -0.66351
477 -10.5536 -0.658879
478 -10.4929 -0.654266
479 -10.4428 -0.64976
480 -10.3841 -0.645231
481 -10.3315 -0.640778
482 -10.2723 -0.636315
483 -10.2189 -0.631926
484 -10.1635 -0.627557
485 -10.1032 -0.623188
486 -10.0442 -0.618862
487 -9.98497 -0.614568
488 -9.92989 -0.610335
489 -9.88056 -0.606172
490 -9.82417 -0.601994
491 -9.76473 -0.597827
492 -9.71105 -0.59373
493 -9.6639 -0.589709
494 -9.60889 -0.585665
495 -9.55602 -0.581666
496 -9.50289 -0.577695
497 -9.45471 -0.573788
498 -9.40225 -0.569881
499 -9.35233 -0.566021
