0 1 1
0.01 0.999975 0.99995
0.02 0.9999 0.9998
0.03 0.999775 0.99955
0.04 0.9996 0.999201
0.05 0.999376 0.998751
0.06 0.999101 0.998203
0.07 0.998777 0.997555
0.08 0.998403 0.996809
0.09 0.99798 0.995965
0.1 0.997508 0.995023
0.11 0.996987 0.993983
0.12 0.996417 0.992847
0.13 0.995799 0.991615
0.14 0.995132 0.990287
0.15 0.994417 0.988865
0.16 0.993654 0.987349
0.17 0.992844 0.985739
0.18 0.991987 0.984037
0.19 0.991082 0.982244
0.2 0.990132 0.980361
0.21 0.989135 0.978388
0.22 0.988092 0.976326
0.23 0.987004 0.974178
0.24 0.985871 0.971943
0.25 0.984694 0.969623
0.26 0.983473 0.967219
0.27 0.982208 0.964732
0.28 0.9809 0.962164
0.29 0.979549 0.959516
0.3 0.978156 0.956789
0.31 0.976722 0.953985
0.32 0.975246 0.951105
0.33 0.97373 0.94815
0.34 0.972174 0.945122
0.35 0.970578 0.942022
0.36 0.968944 0.938852
0.37 0.967271 0.935613
0.38 0.965561 0.932307
0.39 0.963813 0.928936
0.4 0.962029 0.9255
0.41 0.960209 0.922002
0.42 0.958354 0.918443
0.43 0.956464 0.914824
0.44 0.954541 0.911148
0.45 0.952584 0.907416
0.46 0.950594 0.903629
0.47 0.948572 0.899789
0.48 0.946519 0.895899
0.49 0.944435 0.891958
0.5 0.942322 0.88797
0.51 0.940179 0.883936
0.52 0.938007 0.879857
0.53 0.935807 0.875735
0.54 0.93358 0.871571
0.55 0.931326 0.867368
0.56 0.929046 0.863127
0.57 0.926742 0.85885
0.58 0.924412 0.854538
0.59 0.922059 0.850192
0.6 0.919682 0.845815
0.61 0.917283 0.841408
0.62 0.914862 0.836973
0.63 0.91242 0.832511
0.64 0.909958 0.828023
0.65 0.907476 0.823512
0.66 0.904974 0.818978
0.67 0.902454 0.814424
0.68 0.899917 0.809851
0.69 0.897362 0.805259
0.7 0.894791 0.800652
0.71 0.892205 0.796029
0.72 0.889603 0.791393
0.73 0.886987 0.786745
0.74 0.884356 0.782086
0.75 0.881713 0.777418
0.76 0.879058 0.772742
0.77 0.87639 0.768059
0.78 0.873711 0.763371
0.79 0.871021 0.758678
0.8 0.868322 0.753983
0.81 0.865613 0.749286
0.82 0.862895 0.744588
0.83 0.860169 0.739891
0.84 0.857435 0.735196
0.85 0.854695 0.730503
0.86 0.851947 0.725815
0.87 0.849194 0.721131
0.88 0.846436 0.716454
0.89 0.843673 0.711783
0.9 0.840905 0.707121
0.91 0.838134 0.702468
0.92 0.835359 0.697825
0.93 0.832582 0.693193
0.94 0.829803 0.688572
0.95 0.827021 0.683965
0.96 0.824239 0.67937
0.97 0.821456 0.67479
0.98 0.818673 0.670226
0.99 0.81589 0.665677
1 0.813108 0.661145
1.01 0.810327 0.65663
1.02 0.807548 0.652133
1.03 0.80477 0.647655
1.04 0.801995 0.643197
1.05 0.799223 0.638758
1.06 0.796455 0.63434
1.07 0.79369 0.629944
1.08 0.790929 0.625569
1.09 0.788173 0.621216
1.1 0.785421 0.616887
1.11 0.782675 0.61258
1.12 0.779935 0.608298
1.13 0.7772 0.60404
1.14 0.774472 0.599806
1.15 0.77175 0.595598
1.16 0.769035 0.591415
1.17 0.766328 0.587259
1.18 0.763628 0.583128
1.19 0.760937 0.579024
1.2 0.758253 0.574948
1.21 0.755578 0.570898
1.22 0.752912 0.566876
1.23 0.750254 0.562882
1.24 0.747607 0.558916
1.25 0.744968 0.554978
1.26 0.74234 0.551069
1.27 0.739722 0.547188
1.28 0.737114 0.543337
1.29 0.734517 0.539515
1.3 0.73193 0.535722
1.31 0.729355 0.531958
1.32 0.726791 0.528224
1.33 0.724238 0.52452
1.34 0.721697 0.520846
1.35 0.719167 0.517202
1.36 0.71665 0.513588
1.37 0.714145 0.510004
1.38 0.711653 0.50645
1.39 0.709173 0.502926
1.4 0.706706 0.499433
1.41 0.704251 0.49597
1.42 0.70181 0.492537
1.43 0.699382 0.489135
1.44 0.696967 0.485763
1.45 0.694566 0.482422
1.46 0.692178 0.47911
1.47 0.689804 0.47583
1.48 0.687444 0.472579
1.49 0.685098 0.469359
1.5 0.682766 0.466169
1.51 0.680448 0.463009
1.52 0.678144 0.459879
1.53 0.675855 0.45678
1.54 0.67358 0.45371
1.55 0.67132 0.450671
1.56 0.669074 0.447661
1.57 0.666844 0.44468
1.58 0.664628 0.44173
1.59 0.662427 0.438809
1.6 0.66024 0.435917
1.61 0.658069 0.433055
1.62 0.655913 0.430222
1.63 0.653772 0.427418
1.64 0.651647 0.424643
1.65 0.649536 0.421897
1.66 0.647441 0.41918
1.67 0.645361 0.416491
1.68 0.643296 0.41383
1.69 0.641247 0.411198
1.7 0.639214 0.408594
1.71 0.637195 0.406018
1.72 0.635193 0.40347
1.73 0.633206 0.400949
1.74 0.631234 0.398456
1.75 0.629278 0.395991
1.76 0.627337 0.393552
1.77 0.625413 0.391141
1.78 0.623503 0.388756
1.79 0.62161 0.386399
1.8 0.619732 0.384068
1.81 0.61787 0.381763
1.82 0.616023 0.379484
1.83 0.614192 0.377232
1.84 0.612377 0.375005
1.85 0.610577 0.372804
1.86 0.608793 0.370629
1.87 0.607025 0.368479
1.88 0.605272 0.366354
1.89 0.603535 0.364254
1.9 0.601813 0.362179
1.91 0.600107 0.360129
1.92 0.598417 0.358103
1.93 0.596743 0.356102
1.94 0.595084 0.354124
1.95 0.59344 0.352171
1.96 0.591812 0.350241
1.97 0.590199 0.348335
1.98 0.588603 0.346453
1.99 0.587021 0.344594
2 0.585455 0.342757
2.01 0.583904 0.340944
2.02 0.582369 0.339154
2.03 0.580849 0.337386
2.04 0.579345 0.33564
2.05 0.577856 0.333917
2.06 0.576382 0.332216
2.07 0.574923 0.330536
2.08 0.57348 0.328879
2.09 0.572051 0.327243
2.1 0.570638 0.325628
2.11 0.569241 0.324035
2.12 0.567858 0.322463
2.13 0.56649 0.320911
2.14 0.565138 0.31938
2.15 0.5638 0.31787
2.16 0.562477 0.316381
2.17 0.56117 0.314911
2.18 0.559877 0.313462
2.19 0.558599 0.312033
2.2 0.557336 0.310623
2.21 0.556087 0.309233
2.22 0.554854 0.307863
2.23 0.553635 0.306512
2.24 0.552431 0.30518
2.25 0.551242 0.303867
2.26 0.550067 0.302573
2.27 0.548906 0.301298
2.28 0.547761 0.300042
2.29 0.546629 0.298804
2.3 0.545513 0.297584
2.31 0.54441 0.296383
2.32 0.543322 0.295199
2.33 0.542249 0.294034
2.34 0.541189 0.292886
2.35 0.540144 0.291756
2.36 0.539114 0.290644
2.37 0.538097 0.289549
2.38 0.537095 0.288471
2.39 0.536106 0.28741
2.4 0.535132 0.286367
2.41 0.534172 0.28534
2.42 0.533226 0.28433
2.43 0.532294 0.283337
2.44 0.531376 0.28236
2.45 0.530471 0.2814
2.46 0.529581 0.280456
2.47 0.528704 0.279528
2.48 0.527842 0.278617
2.49 0.526993 0.277721
2.5 0.526157 0.276842
2.51 0.525336 0.275978
2.52 0.524528 0.27513
2.53 0.523734 0.274297
2.54 0.522953 0.27348
2.55 0.522186 0.272678
2.56 0.521432 0.271892
2.57 0.520692 0.27112
2.58 0.519966 0.270364
2.59 0.519252 0.269623
2.6 0.518553 0.268897
2.61 0.517866 0.268185
2.62 0.517193 0.267489
2.63 0.516533 0.266807
2.64 0.515887 0.266139
2.65 0.515254 0.265486
2.66 0.514634 0.264848
2.67 0.514027 0.264224
2.68 0.513433 0.263614
2.69 0.512853 0.263018
2.7 0.512286 0.262437
2.71 0.511731 0.261869
2.72 0.51119 0.261315
2.73 0.510662 0.260776
2.74 0.510147 0.26025
2.75 0.509645 0.259738
2.76 0.509156 0.259239
2.77 0.508679 0.258755
2.78 0.508216 0.258284
2.79 0.507766 0.257826
2.8 0.507328 0.257382
2.81 0.506903 0.256951
2.82 0.506492 0.256534
2.83 0.506093 0.25613
2.84 0.505706 0.255739
2.85 0.505333 0.255361
2.86 0.504972 0.254997
2.87 0.504624 0.254646
2.88 0.504289 0.254307
2.89 0.503967 0.253982
2.9 0.503657 0.25367
2.91 0.50336 0.253371
2.92 0.503075 0.253085
2.93 0.502803 0.252811
2.94 0.502544 0.252551
2.95 0.502298 0.252303
2.96 0.502064 0.252068
2.97 0.501843 0.251846
2.98 0.501634 0.251636
2.99 0.501438 0.25144
3 0.501254 0.251256
3.01 0.501083 0.251084
3.02 0.500925 0.250925
3.03 0.500779 0.250779
3.04 0.500645 0.250646
3.05 0.500525 0.250525
3.06 0.500416 0.250416
3.07 0.50032 0.250321
3.08 0.500237 0.250237
3.09 0.500166 0.250166
3.1 0.500108 0.250108
3.11 0.500062 0.250062
3.12 0.500029 0.250029
3.13 0.500008 0.250008
3.14 0.5 0.25
